100
150 521040051776150755
88 102
337 366762635236205305
211846857731552573 678637833737314507
164 234142367423383523
651 126651424012727514
573765767683455320 573765767683455327
521773678183341623 714280883314845584
870 532454135460363287
40 323255503854608405
400 462424345564515051
707544606227722680 707544606227722681
284 388820261554042132
100882703802856416 100882703802856418
102536005068617448 154013425810753872
358208115112188820 358208115112188824
337 482213844040064640
636 442764170740432671
1 2
577 527372348437815753
22010637452177167 568672552041473031
563137782753538241 563137782753538246
776 663847161101103282
713 138551771468734355
1 1000000000000000000
16 26
283501131717024764 786283747824876100
566711621175256248 566711621175256253
77733587680355038 663777686107337052
540401754711808604 540401754711808612
314085481401631460 862776726050844521
363 108837121577833146
481 443680875857253157
748675331248524712 748675331248524716
538 828541401647611037
385 320424838088727567
45707322306210223 262158637030415286
271 185643172687305080
66 802626332435146043
415274355647518007 786624256142076347
66304537122600051 615150881425258451
520 886847126270660735
77776 77777
670 810317253720386815
74568681554000323 541063336608306303
761743857280675615 761743857280675623
155 317476408364272605
352 832354831424371238
227053235252504344 355351515356452287
27154430544402068 27154430544402074
681515433001767626 681515433001767635
175803305740383185 586853420834005372
222344884763434310 222344884763434318
847 773887435633181715
288370766426560238 288370766426560241
212 272030413432561483
332 717813582760830525
622 622745251035583330
654 484088555068404073
460308536581085558 543402081137845601
150 736362244801115007
763877751807170074 844348722324508856
616 214855376831030360
757 468210851525272774
170737587857475403 170737587857475404
681 758266207011567386
671162784232044820 671162784232044826
164 163151115071600541
706 153620446004167044
242 741648267615675247
623105781313835783 623105781313835784
854 204714663672020450
462880436683288560 462880436683288562
12435201126104141 323723674130373111
2 3
775 484565542552266644
381 277275218301084864
15086482501537238 333743856756132427
623 416038222871424241
73 538163873851255727
247 154886423775464280
250 525728100118388361
705 752428287385267147
185048844127484372 577226808811353553
556553324748650231 625235233227522152
16 365866882322771444
877 353300157318434680
734544331241266326 734544331241266334
317638351325013824 544437767607383810
358 867732805214521817
357373862371110445 357373862371110452
676 157134004265360706
302 644138328512224330
807 243201701168738585
368 343454832768810613
115 440501306444857542
160 631740531618847830
352 268456841741803714
760050325084114351 760050325084114353
677 406582046761461034
