100
70331 70337
222816 876604
723 608617
351331 351336
1 2
16 26
155 344551
607 661264
42613 347478
44 553237
303 882438
148253 148262
408557 408558
872 362576
77776 77777
762 344050
635 682485
461 577454
3556 204717
8 527863
434276 504237
1 1000000
274225 274231
303 477731
312 421613
2 3
405121 485436
737 330263
45068 856481
547225 547233
2382 366262
214 601334
825 281831
732 846303
60531 60540
444113 867427
415 174560
885525 885533
646 411085
848 813855
571075 571085
582214 582223
627 708121
473 306160
172 157767
12842 604703
871 110653
202 780861
345 832272
86 113302
874 654107
362 552856
877 170141
6 506077
342713 342717
17 440080
840 102514
516283 554464
772 855870
747402 747411
88 102
10428 10438
600 414467
61 356441
122 751467
864101 864111
346 654523
15 622123
613 874362
281 807227
287 421143
215185 580141
657200 810052
154 640328
488085 567560
788 236788
555 636818
255250 726852
540220 540223
156 551641
272550 272551
413567 884885
383370 703043
216681 216687
322061 571255
346747 421548
277 236283
217 113073
231765 231770
786 367612
124117 477732
460 213245
651 728212
724 462128
818 141375
118 885444
246871 246881
550275 550283
42460 506081
164 774416
