100
94 19 689271259414368566
10 10 0
41 41 1
63 63 0
31 31 0
38 38 0
12 12 1
30 30 1
67 67 0
4 4 0
1 1 1
94 94 0
84 84 1
71 71 1
19 19 1
29 29 0
33 33 0
5 5 0
89 89 0
34 34 0
91 53 122058055875
52 52 1
36 36 0
31 31 1
91 91 1
55 55 1
14 14 0
29 29 1
12 12 0
20 20 0
26 26 0
30 30 1
24 24 1
35 35 1
22 22 1
79 79 0
71 71 0
25 25 1
61 61 1
15 15 1
39 39 1
83 83 1
1 1 1
54 54 1
49 49 1
67 67 1
59 59 0
34 34 1
38 38 1
74 74 1
18 18 1
80 80 0
64 64 1
27 27 1
13 13 0
84 84 0
19 19 0
85 85 1
75 75 0
81 81 1
40 40 1
63 63 1
58 58 0
87 87 0
32 32 0
48 48 0
78 78 0
21 21 1
8 8 0
90 90 0
16 16 1
33 33 0
69 69 0
2 2 1
93 62 510447724
16 16 0
79 79 1
19 19 1
58 58 1
70 70 0
29 29 1
13 13 0
67 67 0
75 75 0
39 39 0
76 76 0
80 80 0
54 54 1
2 2 0
17 17 1
6 6 0
63 63 0
74 74 0
87 87 0
12 12 1
52 52 1
62 62 0
47 47 1
65 65 0
73 73 0
24 24 1
8 8 0
5 5 0
92 92 0
22 22 0
33 33 0
4 4 0
44 44 0
31 31 0
36 36 0
61 61 0
91 91 0
18 18 0
38 38 0
23 23 0
68 68 1
35 35 0
69 69 0
41 41 1
81 81 0
1 1 1
26 26 0
28 28 1
45 45 1
34 34 0
55 55 1
43 43 0
14 14 0
89 89 1
84 84 0
11 11 0
51 51 0
85 85 1
83 83 0
59 59 1
60 60 0
72 72 0
95 23 232614238500637008
5 5 0
91 91 0
59 59 1
9 9 1
12 12 0
83 83 0
14 14 0
31 31 0
47 47 0
15 15 0
53 53 0
3 3 1
57 57 0
22 22 0
39 39 1
74 74 0
1 1 0
67 67 1
72 72 0
30 30 1
38 38 1
55 55 0
26 26 0
95 5 634903040670819287
9 9 1
92 92 0
65 65 0
57 57 1
31 31 0
96 39 13246344170067482
24 24 0
15 15 0
22 22 1
16 16 0
92 92 1
42 42 1
9 9 0
30 30 0
37 37 0
68 68 0
87 87 0
61 61 1
84 84 0
86 86 0
45 45 1
76 76 1
62 62 0
72 72 1
19 19 1
38 38 1
51 51 1
48 48 0
23 23 0
90 90 1
43 43 0
63 63 0
52 52 0
57 57 1
40 40 0
73 73 0
8 8 0
93 93 1
89 89 0
39 39 0
64 64 0
65 65 1
96 96 0
78 78 1
94 94 0
5 1 3
4 4 0
94 73 129840
32 32 1
79 79 0
33 33 1
82 82 1
26 26 0
64 64 0
44 44 0
86 86 0
70 70 0
6 6 0
43 43 1
2 2 1
23 23 0
42 42 0
15 15 0
75 75 1
85 85 0
18 18 0
90 90 0
66 66 1
24 24 0
89 89 0
41 41 1
20 20 1
92 92 1
67 67 1
39 39 0
93 93 0
80 80 1
57 57 1
73 73 1
21 21 1
81 81 0
76 76 1
7 7 0
68 68 0
59 59 0
12 12 0
31 31 1
71 71 1
83 83 1
84 84 0
91 91 0
52 52 1
45 45 1
3 3 0
72 72 1
10 10 1
22 22 1
25 25 0
8 8 1
49 49 1
16 16 1
48 48 1
9 9 0
5 5 0
40 40 0
46 46 0
62 62 0
27 27 0
14 14 0
4 4 0
13 13 0
61 61 0
63 63 0
1 1 0
17 17 0
53 53 1
11 11 0
78 78 1
36 36 1
35 35 1
87 87 1
96 44 695077956403536
35 35 1
78 78 1
59 59 1
31 31 1
64 64 1
5 5 1
45 45 1
74 74 0
75 75 1
25 25 0
93 93 0
53 53 0
7 7 1
12 12 1
87 87 0
92 92 1
38 38 0
3 3 0
6 6 1
4 4 0
17 17 1
33 33 0
77 77 0
23 23 1
10 10 1
2 2 1
8 8 1
15 15 0
65 65 0
20 20 0
73 73 1
44 44 1
52 52 1
80 80 0
70 70 0
96 96 1
26 26 1
30 30 1
28 28 1
85 85 0
19 19 0
41 41 1
71 71 0
50 50 0
96 27 351185984658945747
10 10 1
95 95 1
61 61 1
3 3 1
22 22 0
59 59 0
7 7 0
89 89 0
63 63 1
33 33 0
54 54 0
17 17 1
18 18 1
73 73 1
57 57 1
23 23 1
85 85 0
13 13 1
34 34 1
55 55 1
83 83 1
12 12 1
35 35 1
25 25 1
87 87 1
15 15 1
21 21 1
99 13 738523652692186108
80 80 0
68 68 1
89 89 0
16 16 1
66 66 0
57 57 0
62 62 0
88 88 0
51 51 0
61 61 1
87 87 1
24 24 1
7 7 1
91 89 2
91 91 0
64 64 1
27 27 1
80 80 0
16 16 1
66 66 0
17 17 1
58 58 1
2 2 0
43 43 0
45 45 0
33 33 1
36 36 0
3 3 1
81 81 1
41 41 0
8 8 1
65 65 0
32 32 0
55 55 1
34 34 1
20 20 1
6 6 0
88 88 1
5 5 1
86 86 1
21 21 1
70 70 1
46 46 0
83 83 0
15 15 0
7 7 0
49 49 1
84 84 0
25 25 1
40 40 0
72 72 1
30 30 0
4 4 1
38 38 0
9 9 0
82 82 0
22 22 1
19 19 1
56 56 1
85 85 0
26 26 1
23 23 1
14 14 0
10 10 1
62 62 1
89 89 1
53 53 0
69 69 1
18 18 1
35 35 0
79 79 1
47 47 0
31 31 0
76 76 0
11 11 1
50 50 0
29 29 1
67 67 1
42 42 0
52 52 1
73 73 0
12 12 1
87 87 0
24 24 0
60 60 0
71 71 0
74 74 0
48 48 0
75 75 1
68 68 1
28 28 0
57 57 1
77 77 0
44 44 1
90 90 0
54 54 0
59 59 1
78 78 1
1 1 0
63 63 0
39 39 0
37 37 1
13 13 0
100 47 4859239322584684
86 86 1
48 48 0
35 35 0
39 39 1
1 1 1
42 42 1
53 53 1
78 78 0
4 4 0
30 30 0
61 61 1
95 95 1
71 71 1
6 6 1
91 91 0
98 98 0
33 33 0
46 46 1
49 49 1
17 17 0
54 54 1
63 63 0
23 23 0
43 43 0
37 37 0
41 41 0
94 94 0
84 84 1
29 29 0
45 45 1
67 67 0
56 56 0
20 20 1
34 34 0
58 58 1
89 89 0
97 97 1
60 60 0
55 55 0
65 65 0
5 5 1
22 22 1
12 12 0
18 18 0
64 64 1
32 32 1
85 85 1
95 83 3297
8 8 0
32 32 0
15 15 1
68 68 1
44 44 1
7 7 0
60 60 0
87 87 1
54 54 0
45 45 1
46 46 1
70 70 1
48 48 1
37 37 0
58 58 0
40 40 0
29 29 1
11 11 1
17 17 1
84 84 1
30 30 0
86 86 0
41 41 0
52 52 0
24 24 0
88 88 1
16 16 0
5 5 1
50 50 1
56 56 0
62 62 0
93 93 1
89 89 0
28 28 0
69 69 0
78 78 1
76 76 0
31 31 1
36 36 1
91 91 1
10 10 1
13 13 1
47 47 0
42 42 1
82 82 0
95 95 0
90 90 0
74 74 0
19 19 0
81 81 1
38 38 0
21 21 0
9 9 0
77 77 0
64 64 1
14 14 0
80 80 1
85 85 1
79 79 1
12 12 0
94 94 1
33 33 0
83 83 1
25 25 1
27 27 1
4 4 0
35 35 1
61 61 0
22 22 0
6 6 0
75 75 1
72 72 1
43 43 1
65 65 1
18 18 1
3 3 1
34 34 1
57 57 1
63 63 1
92 92 0
55 55 0
39 39 1
1 1 0
96 47 405169691069459
58 58 0
74 74 0
59 59 1
83 83 0
63 63 1
68 68 1
82 82 0
53 53 0
20 20 0
88 88 0
3 3 1
13 13 0
62 62 1
10 10 0
29 29 0
9 9 1
77 77 0
54 54 1
48 48 0
2 2 1
95 95 0
86 86 0
33 33 1
70 70 0
94 94 0
7 7 0
25 25 1
64 64 1
57 57 1
91 91 0
32 32 1
41 41 1
51 51 0
65 65 1
42 42 0
50 50 0
84 84 0
79 79 0
81 81 0
89 89 1
38 38 0
44 44 1
26 26 0
75 75 1
12 12 1
49 49 0
4 4 0
92 45 84605437951687
77 77 1
24 24 0
43 43 1
68 68 0
2 2 1
45 45 0
85 85 0
67 67 1
55 55 0
10 10 1
23 23 0
14 14 1
39 39 1
20 20 1
69 69 0
42 42 1
50 50 0
54 54 0
30 30 1
79 79 1
90 90 0
7 7 0
83 83 1
87 87 1
72 72 0
1 1 0
84 84 1
21 21 1
12 12 0
74 74 0
76 76 1
60 60 0
22 22 0
75 75 1
8 8 0
89 89 0
16 16 0
26 26 0
92 92 0
35 35 1
51 51 0
65 65 0
46 46 1
52 52 1
56 56 0
9 9 1
9 9 0
3 3 0
2 2 1
1 1 1
8 8 1
6 6 0
4 4 0
5 5 0
7 7 1
93 73 56730
92 92 0
15 15 1
39 39 1
52 52 1
45 45 1
70 70 1
14 14 1
29 29 1
34 34 1
59 59 1
23 23 1
46 46 1
82 82 1
37 37 0
64 64 1
6 6 0
27 27 0
38 38 0
80 80 0
18 18 0
53 53 1
89 89 0
54 54 1
91 91 1
48 48 0
13 13 0
51 51 0
63 63 0
20 20 1
44 44 1
17 17 1
5 5 0
49 49 1
41 41 0
67 67 1
76 76 1
4 4 0
12 12 1
11 11 1
68 68 0
55 55 1
19 19 1
3 3 1
36 36 1
62 62 0
85 85 1
2 2 1
24 24 0
8 8 0
72 72 1
77 77 0
66 66 0
21 21 1
32 32 1
42 42 0
83 83 1
65 65 1
31 31 0
81 81 0
78 78 1
9 9 1
75 75 0
16 16 0
86 86 1
60 60 0
30 30 0
1 1 1
22 22 1
84 84 0
47 47 0
56 56 1
40 40 0
74 74 0
98 38 12668493324217833
23 23 1
88 88 0
27 27 0
11 11 1
35 35 0
4 4 0
25 25 1
97 97 0
85 85 1
90 90 0
70 70 0
43 43 0
81 81 0
54 54 1
40 40 0
44 44 1
61 61 1
2 2 1
20 20 1
71 71 0
56 56 1
91 91 1
6 6 1
57 57 1
84 84 0
18 18 1
8 8 1
51 51 0
15 15 0
28 28 0
89 89 1
82 82 1
48 48 0
3 3 0
93 93 1
69 69 1
36 36 1
14 14 0
100 26 887710434339878739
13 13 1
7 7 0
11 11 0
35 35 0
58 58 0
47 47 1
73 73 1
54 54 0
69 69 0
34 34 0
44 44 0
30 30 1
48 48 1
36 36 1
66 66 0
42 42 1
31 31 1
94 94 0
72 72 0
9 9 0
45 45 1
6 6 0
27 27 0
17 17 0
20 20 1
53 53 0
98 74 14884266
41 41 1
44 44 1
53 53 0
94 94 0
91 91 1
58 58 1
59 59 0
73 73 1
93 93 0
26 26 0
33 33 0
56 56 1
92 92 0
62 62 0
80 80 1
6 6 1
76 76 0
23 23 1
77 77 0
87 87 0
27 27 1
96 96 1
32 32 1
61 61 0
5 5 1
8 8 1
20 20 1
86 86 0
1 1 1
67 67 0
70 70 1
48 48 0
42 42 0
35 35 0
79 79 1
39 39 0
3 3 1
49 49 1
22 22 0
81 81 0
25 25 0
34 34 1
64 64 0
15 15 0
19 19 0
51 51 1
69 69 1
85 85 1
18 18 0
16 16 0
47 47 1
57 57 1
28 28 1
60 60 0
11 11 1
37 37 1
17 17 1
9 9 0
97 97 1
10 10 1
38 38 1
74 74 0
24 24 0
68 68 1
46 46 1
50 50 1
45 45 0
98 98 0
14 14 1
54 54 1
71 71 1
72 72 0
95 95 1
84 84 1
97 79 182091
38 38 0
4 4 1
58 58 0
36 36 1
50 50 1
8 8 0
31 31 1
19 19 0
93 93 1
83 83 1
6 6 1
68 68 0
2 2 1
60 60 0
75 75 1
77 77 0
62 62 1
66 66 1
42 42 0
72 72 1
22 22 0
33 33 0
84 84 0
89 89 0
43 43 0
7 7 1
25 25 1
96 96 0
39 39 0
26 26 0
97 97 0
35 35 0
94 94 0
28 28 0
70 70 0
3 3 1
23 23 0
90 90 0
57 57 1
10 10 1
69 69 1
67 67 1
86 86 0
20 20 1
9 9 0
16 16 1
88 88 1
71 71 0
53 53 0
81 81 1
91 91 1
82 82 0
79 79 1
37 37 0
41 41 1
18 18 1
80 80 0
76 76 0
64 64 0
85 85 1
56 56 0
47 47 0
87 87 1
13 13 1
45 45 1
52 52 0
74 74 1
21 21 1
49 49 1
12 12 1
73 73 0
1 1 1
44 44 0
17 17 1
32 32 1
46 46 0
54 54 0
40 40 0
55 55 1
98 10 502802727900547140
82 82 0
96 96 0
42 42 0
90 90 1
7 7 0
97 97 0
80 80 1
66 66 0
30 30 0
89 89 0
93 38 32519738878421378
28 28 0
46 46 1
11 11 0
84 84 0
15 15 0
32 32 0
44 44 1
5 5 0
49 49 1
29 29 0
8 8 1
4 4 1
64 64 1
60 60 1
62 62 0
58 58 0
83 83 0
6 6 0
93 93 1
50 50 0
75 75 0
38 38 1
76 76 0
70 70 1
18 18 0
85 85 0
30 30 0
59 59 0
72 72 0
22 22 0
19 19 1
67 67 0
12 12 1
35 35 1
55 55 1
82 82 0
77 77 0
81 81 1
96 47 98574697292548
42 42 0
87 87 1
88 88 1
47 47 1
45 45 1
48 48 1
75 75 1
7 7 0
96 96 0
65 65 1
57 57 1
11 11 0
15 15 1
95 95 1
67 67 1
12 12 1
91 91 1
5 5 1
68 68 0
82 82 0
86 86 1
62 62 1
24 24 1
3 3 0
22 22 1
9 9 1
58 58 0
79 79 1
74 74 1
46 46 0
19 19 1
34 34 0
52 52 0
50 50 1
18 18 1
81 81 1
93 93 1
69 69 0
37 37 0
25 25 0
63 63 1
83 83 0
32 32 1
94 94 1
21 21 1
40 40 1
85 85 0
96 34 682497946625743887
32 32 0
76 76 0
38 38 0
30 30 1
79 79 1
24 24 1
7 7 1
10 10 1
6 6 1
95 95 1
82 82 0
12 12 0
56 56 1
62 62 1
44 44 0
5 5 1
11 11 0
69 69 0
80 80 1
54 54 1
42 42 0
63 63 0
86 86 0
90 90 1
84 84 0
29 29 1
59 59 1
60 60 1
71 71 1
20 20 0
83 83 0
87 87 0
91 91 0
8 8 0
96 32 246848117636422550
21 21 1
74 74 1
51 51 1
95 95 1
81 81 0
80 80 0
28 28 0
38 38 0
70 70 0
10 10 0
87 87 0
16 16 1
59 59 0
65 65 1
12 12 0
67 67 0
40 40 0
3 3 0
89 89 0
4 4 0
72 72 0
6 6 0
43 43 0
76 76 0
66 66 1
34 34 1
55 55 0
96 96 0
52 52 0
56 56 0
61 61 0
8 8 0
100 28 163355806133122434
3 3 0
11 11 0
39 39 0
19 19 0
27 27 0
74 74 1
62 62 1
71 71 1
67 67 1
95 95 1
90 90 1
44 44 0
72 72 1
48 48 0
69 69 1
84 84 0
9 9 0
56 56 1
41 41 0
16 16 1
12 12 1
82 82 0
60 60 0
85 85 0
61 61 1
40 40 1
43 43 0
10 10 1
93 45 251681149733805
32 32 1
92 92 1
69 69 0
5 5 0
56 56 0
39 39 0
60 60 1
55 55 1
57 57 0
9 9 0
54 54 0
35 35 1
36 36 1
47 47 1
18 18 0
59 59 0
31 31 0
73 73 1
7 7 1
17 17 0
23 23 1
27 27 1
93 93 0
82 82 0
87 87 1
88 88 1
51 51 0
10 10 1
34 34 0
52 52 0
26 26 0
21 21 0
20 20 1
40 40 1
6 6 1
43 43 0
22 22 1
16 16 1
70 70 0
2 2 1
4 4 1
46 46 0
81 81 0
62 62 1
85 85 0
95 60 10157774246
28 28 1
20 20 0
74 74 1
61 61 1
35 35 1
2 2 0
37 37 1
92 92 0
86 86 1
12 12 0
4 4 0
9 9 0
21 21 0
41 41 0
15 15 1
68 68 1
10 10 1
39 39 1
62 62 1
77 77 1
53 53 0
49 49 0
8 8 1
45 45 0
56 56 1
60 60 0
14 14 0
58 58 0
51 51 0
42 42 1
78 78 0
30 30 1
32 32 0
54 54 1
22 22 1
83 83 0
40 40 0
57 57 0
65 65 1
17 17 0
47 47 0
82 82 1
70 70 1
69 69 0
88 88 1
75 75 1
5 5 1
46 46 1
67 67 0
43 43 0
27 27 1
79 79 0
44 44 1
34 34 0
48 48 0
66 66 0
90 90 1
1 1 1
18 18 1
94 94 1
98 36 476774831802631714
15 15 1
57 57 1
59 59 0
67 67 0
29 29 1
65 65 1
28 28 1
62 62 1
66 66 1
50 50 1
96 96 0
51 51 1
25 25 0
60 60 0
79 79 1
95 95 1
74 74 0
89 89 1
41 41 1
20 20 0
40 40 1
42 42 0
48 48 0
8 8 1
97 97 1
49 49 0
10 10 0
92 92 1
70 70 0
47 47 0
31 31 0
7 7 0
88 88 0
32 32 1
18 18 1
24 24 0
100 100 1
1 1 0
2 2 0
3 3 0
4 4 0
5 5 0
6 6 1
7 7 1
8 8 1
9 9 0
10 10 1
11 11 0
12 12 1
13 13 1
14 14 1
15 15 1
16 16 0
17 17 1
18 18 1
19 19 1
20 20 1
21 21 0
22 22 0
23 23 1
24 24 1
25 25 1
26 26 0
27 27 1
28 28 0
29 29 0
30 30 0
31 31 1
32 32 1
33 33 0
34 34 0
35 35 0
36 36 1
37 37 0
38 38 0
39 39 1
40 40 0
41 41 1
42 42 0
43 43 1
44 44 0
45 45 1
46 46 0
47 47 1
48 48 1
49 49 1
50 50 1
51 51 1
52 52 1
53 53 1
54 54 1
55 55 1
56 56 0
57 57 1
58 58 1
59 59 0
60 60 0
61 61 1
62 62 1
63 63 0
64 64 0
65 65 1
66 66 0
67 67 0
68 68 0
69 69 0
70 70 0
71 71 1
72 72 1
73 73 0
74 74 1
75 75 0
76 76 1
77 77 1
78 78 1
79 79 0
80 80 1
81 81 0
82 82 1
83 83 0
84 84 0
85 85 0
86 86 1
87 87 0
88 88 1
89 89 0
90 90 1
91 91 0
92 92 1
93 93 0
94 94 1
95 95 1
96 96 0
97 97 0
98 98 1
99 99 1
100 100 0
100 1 1000000000000000000
1 1 0
97 53 17068971779327
28 28 1
34 34 1
3 3 0
85 85 1
89 89 0
91 91 1
12 12 1
32 32 0
94 94 1
44 44 1
43 43 1
96 96 1
97 97 1
68 68 1
64 64 0
65 65 1
81 81 0
69 69 1
50 50 0
51 51 1
82 82 1
33 33 0
37 37 0
5 5 1
90 90 0
72 72 0
45 45 0
11 11 1
79 79 0
31 31 1
20 20 0
6 6 1
25 25 0
77 77 0
22 22 1
4 4 0
27 27 1
86 86 1
49 49 1
83 83 0
39 39 0
62 62 0
53 53 0
58 58 1
63 63 1
60 60 0
46 46 1
2 2 0
56 56 0
76 76 0
55 55 1
30 30 1
15 15 0
6 6 1
5 5 0
1 1 0
6 6 1
4 4 0
2 2 0
3 3 1
94 71 7846189
90 90 1
69 69 0
12 12 0
20 20 1
43 43 1
50 50 0
37 37 0
22 22 0
42 42 0
11 11 1
55 55 0
88 88 1
33 33 1
67 67 0
70 70 0
53 53 1
36 36 1
92 92 0
34 34 0
26 26 1
13 13 0
62 62 0
2 2 0
85 85 1
32 32 1
46 46 0
18 18 1
56 56 0
76 76 1
16 16 0
35 35 1
24 24 1
14 14 1
83 83 1
27 27 0
60 60 1
61 61 0
65 65 1
64 64 1
80 80 1
9 9 1
3 3 0
74 74 0
44 44 1
17 17 1
23 23 0
28 28 0
63 63 0
58 58 1
93 93 1
38 38 1
6 6 1
91 91 0
48 48 1
87 87 0
21 21 1
78 78 0
51 51 1
71 71 0
25 25 0
77 77 0
45 45 1
15 15 1
75 75 0
73 73 0
52 52 1
31 31 0
59 59 0
86 86 1
57 57 0
79 79 1
92 80 2427
8 8 0
32 32 1
3 3 0
92 92 1
11 11 0
67 67 1
57 57 1
54 54 1
9 9 1
60 60 1
26 26 1
75 75 1
34 34 0
31 31 1
43 43 1
19 19 0
66 66 1
12 12 1
55 55 1
86 86 0
25 25 0
51 51 1
13 13 1
37 37 1
59 59 0
39 39 1
48 48 0
47 47 1
45 45 0
83 83 0
29 29 1
62 62 0
7 7 1
27 27 0
44 44 1
68 68 0
2 2 1
36 36 1
18 18 0
30 30 0
35 35 0
52 52 0
4 4 1
41 41 0
24 24 1
87 87 1
91 91 1
14 14 0
77 77 0
17 17 1
78 78 0
28 28 0
71 71 0
5 5 1
20 20 1
22 22 1
56 56 1
49 49 0
53 53 1
58 58 1
81 81 1
80 80 0
46 46 0
38 38 0
15 15 1
73 73 1
90 90 0
63 63 1
16 16 1
76 76 1
72 72 1
89 89 0
65 65 0
10 10 1
69 69 0
1 1 1
84 84 0
82 82 0
88 88 1
23 23 1
93 87 50
46 46 0
47 47 0
44 44 1
8 8 0
91 91 1
26 26 1
51 51 1
61 61 1
69 69 0
80 80 0
82 82 1
67 67 0
64 64 1
34 34 0
29 29 0
79 79 0
37 37 0
88 88 0
41 41 0
11 11 1
87 87 1
21 21 1
81 81 0
24 24 0
57 57 1
53 53 0
85 85 0
56 56 1
30 30 1
43 43 1
39 39 1
78 78 1
48 48 1
49 49 1
22 22 0
12 12 0
72 72 1
70 70 1
63 63 0
17 17 0
77 77 0
33 33 1
74 74 0
90 90 0
73 73 1
42 42 0
38 38 0
36 36 0
60 60 0
13 13 1
9 9 1
52 52 0
92 92 1
89 89 0
65 65 1
2 2 0
58 58 1
35 35 0
84 84 0
83 83 0
25 25 1
93 93 1
7 7 0
18 18 0
40 40 1
16 16 1
32 32 0
68 68 0
23 23 0
20 20 1
31 31 0
86 86 1
1 1 1
6 6 0
5 5 1
45 45 0
4 4 0
19 19 0
15 15 0
14 14 0
66 66 1
28 28 1
54 54 1
27 27 0
76 76 0
75 75 0
55 55 0
96 8 484528371848197726
63 63 0
23 23 0
74 74 1
52 52 0
92 92 1
36 36 0
88 88 1
5 5 1
10 8 2
7 7 0
2 2 0
9 9 0
10 10 1
8 8 1
5 5 0
6 6 0
4 4 1
94 40 13563073723247661
88 88 0
28 28 0
83 83 0
9 9 0
4 4 1
14 14 1
55 55 1
65 65 1
46 46 1
15 15 0
5 5 0
57 57 1
52 52 1
63 63 0
60 60 1
13 13 0
21 21 0
12 12 0
8 8 1
80 80 0
72 72 0
11 11 1
31 31 1
29 29 1
53 53 1
1 1 0
3 3 0
90 90 0
78 78 0
68 68 0
61 61 1
79 79 0
7 7 1
41 41 1
58 58 1
82 82 0
51 51 0
77 77 0
17 17 0
36 36 1
97 44 7658898799303770
48 48 1
82 82 1
65 65 1
37 37 1
39 39 0
87 87 1
89 89 1
18 18 0
40 40 0
8 8 1
73 73 1
47 47 0
90 90 0
42 42 0
51 51 1
45 45 0
20 20 1
2 2 0
97 97 1
27 27 1
94 94 0
71 71 0
80 80 1
85 85 0
66 66 0
86 86 1
75 75 1
79 79 1
49 49 0
54 54 0
55 55 1
69 69 1
46 46 0
12 12 1
13 13 0
52 52 0
92 92 0
43 43 0
22 22 1
16 16 0
57 57 1
70 70 1
11 11 0
32 32 1
100 24 815426386965744138
34 34 1
90 90 0
2 2 1
66 66 0
60 60 1
9 9 0
49 49 1
17 17 0
81 81 0
28 28 0
95 95 1
92 92 1
63 63 1
78 78 0
56 56 1
89 89 1
46 46 1
77 77 1
62 62 1
99 99 1
93 93 0
11 11 0
96 96 0
86 86 1
95 68 18197170
62 62 0
39 39 0
86 86 1
19 19 0
63 63 1
78 78 0
33 33 0
48 48 1
69 69 0
41 41 0
94 94 1
52 52 0
72 72 1
16 16 0
66 66 1
71 71 1
42 42 1
43 43 0
38 38 0
26 26 1
60 60 0
32 32 0
4 4 0
15 15 1
1 1 1
22 22 0
14 14 1
68 68 1
50 50 1
90 90 1
12 12 1
25 25 1
35 35 1
18 18 1
21 21 1
89 89 1
30 30 1
28 28 1
8 8 1
67 67 1
77 77 0
10 10 1
91 91 1
51 51 0
83 83 0
7 7 0
65 65 1
36 36 0
76 76 0
13 13 0
46 46 1
95 95 1
23 23 1
44 44 1
40 40 1
70 70 1
37 37 1
82 82 1
31 31 1
17 17 0
54 54 0
87 87 0
56 56 0
2 2 0
45 45 1
49 49 0
93 93 0
92 92 0
99 82 73033
70 70 0
61 61 1
20 20 1
50 50 1
89 89 1
11 11 0
47 47 0
16 16 1
39 39 0
51 51 1
23 23 0
43 43 1
90 90 1
15 15 1
37 37 1
32 32 0
28 28 0
48 48 0
66 66 0
81 81 1
27 27 1
77 77 1
42 42 0
68 68 1
9 9 0
52 52 0
14 14 1
33 33 1
91 91 0
83 83 0
79 79 1
34 34 1
19 19 0
54 54 0
41 41 0
29 29 0
58 58 1
62 62 1
71 71 0
4 4 0
99 99 1
82 82 0
55 55 0
59 59 0
1 1 0
88 88 0
10 10 1
93 93 1
25 25 1
44 44 0
26 26 0
94 94 1
69 69 1
46 46 1
8 8 1
64 64 1
57 57 1
18 18 1
7 7 1
40 40 0
76 76 1
53 53 1
36 36 1
85 85 0
97 97 1
31 31 0
80 80 0
30 30 0
2 2 0
21 21 0
60 60 0
92 92 1
24 24 1
73 73 0
74 74 1
45 45 1
63 63 1
12 12 1
56 56 0
67 67 1
3 3 0
6 6 0
93 87 60
20 20 0
52 52 0
15 15 0
41 41 0
87 87 1
16 16 1
72 72 1
90 90 1
19 19 1
63 63 0
1 1 0
70 70 0
4 4 1
25 25 1
2 2 1
58 58 0
62 62 1
92 92 1
51 51 0
39 39 1
23 23 1
84 84 0
35 35 1
76 76 0
85 85 0
64 64 1
26 26 0
7 7 0
46 46 0
11 11 1
86 86 0
68 68 1
29 29 1
48 48 0
18 18 1
65 65 0
27 27 0
83 83 0
74 74 1
5 5 1
45 45 1
77 77 0
80 80 1
67 67 1
60 60 1
17 17 1
40 40 1
47 47 0
71 71 0
28 28 0
59 59 0
32 32 0
78 78 1
22 22 0
69 69 0
8 8 1
33 33 1
91 91 1
24 24 1
56 56 0
21 21 0
14 14 0
13 13 1
88 88 0
30 30 0
73 73 1
42 42 0
37 37 0
93 93 1
12 12 1
49 49 0
6 6 1
9 9 0
50 50 1
66 66 1
10 10 0
61 61 1
82 82 0
81 81 0
34 34 0
43 43 0
75 75 0
31 31 0
3 3 0
57 57 0
54 54 0
44 44 0
94 41 8892000917728158
25 25 0
5 5 0
51 51 1
62 62 1
4 4 1
22 22 1
27 27 1
15 15 1
76 76 0
67 67 1
35 35 0
66 66 1
84 84 0
50 50 0
75 75 1
69 69 1
94 94 0
93 93 1
80 80 1
60 60 0
38 38 0
48 48 0
71 71 0
30 30 1
2 2 0
55 55 1
10 10 0
88 88 1
7 7 0
61 61 0
73 73 0
68 68 0
85 85 0
91 91 1
3 3 1
82 82 0
40 40 0
64 64 1
34 34 0
81 81 1
45 45 0
97 26 219722005499302337
10 10 1
34 34 1
52 52 0
93 93 1
76 76 0
79 79 0
53 53 0
27 27 0
73 73 1
25 25 0
47 47 0
91 91 0
54 54 1
94 94 0
81 81 0
78 78 1
77 77 1
50 50 0
29 29 0
6 6 1
16 16 0
33 33 1
1 1 1
64 64 1
3 3 1
62 62 0
100 91 479
66 66 0
84 84 0
32 32 1
33 33 1
99 99 0
16 16 1
62 62 0
3 3 1
24 24 1
59 59 0
37 37 1
12 12 1
17 17 0
89 89 0
86 86 1
56 56 0
42 42 0
75 75 0
20 20 0
11 11 1
73 73 0
90 90 1
50 50 1
13 13 1
28 28 1
40 40 0
81 81 0
46 46 1
22 22 0
29 29 1
25 25 0
72 72 0
47 47 0
26 26 1
78 78 0
53 53 1
2 2 1
79 79 1
48 48 0
61 61 0
10 10 1
63 63 0
85 85 1
14 14 0
74 74 1
92 92 0
91 91 1
34 34 1
65 65 1
6 6 1
9 9 0
67 67 0
45 45 1
43 43 0
71 71 1
44 44 1
55 55 0
64 64 1
5 5 1
1 1 0
70 70 1
38 38 1
18 18 1
36 36 1
8 8 1
4 4 1
94 94 1
49 49 0
52 52 0
30 30 1
19 19 0
82 82 0
98 98 0
97 97 1
15 15 1
51 51 0
93 93 0
76 76 0
88 88 0
68 68 0
87 87 1
77 77 0
57 57 0
21 21 0
39 39 1
95 95 0
31 31 1
100 100 0
35 35 1
54 54 0
96 96 0
6 5 1
3 3 1
5 5 0
4 4 1
2 2 1
1 1 0
96 51 20688106582686
11 11 1
96 96 0
12 12 1
49 49 0
39 39 1
22 22 0
65 65 0
3 3 1
93 93 0
8 8 1
89 89 1
7 7 0
20 20 1
54 54 0
53 53 0
60 60 0
64 64 0
35 35 0
76 76 1
15 15 1
29 29 0
70 70 1
6 6 0
79 79 0
71 71 1
81 81 0
72 72 0
91 91 0
30 30 1
59 59 1
55 55 0
83 83 1
17 17 0
95 95 1
43 43 1
5 5 0
86 86 0
45 45 1
80 80 1
92 92 1
28 28 1
4 4 0
27 27 1
19 19 1
82 82 0
77 77 0
21 21 1
85 85 0
48 48 1
58 58 1
57 57 1
96 31 501891754929033576
68 68 1
90 90 0
50 50 1
93 93 0
78 78 0
43 43 0
18 18 1
34 34 1
1 1 1
79 79 0
15 15 0
44 44 0
40 40 0
92 92 1
83 83 0
59 59 0
56 56 1
39 39 0
28 28 1
73 73 1
51 51 0
33 33 1
87 87 0
42 42 1
84 84 1
69 69 0
35 35 0
32 32 1
10 10 1
89 89 0
57 57 1
96 93 3
81 81 1
91 91 0
34 34 0
90 90 0
67 67 0
59 59 1
40 40 1
3 3 1
19 19 1
11 11 0
66 66 1
1 1 0
22 22 1
49 49 1
79 79 1
74 74 1
77 77 0
45 45 0
95 95 1
5 5 0
52 52 1
9 9 0
20 20 0
26 26 1
75 75 1
21 21 0
53 53 1
24 24 0
37 37 0
50 50 1
16 16 0
8 8 0
31 31 1
78 78 1
18 18 1
72 72 0
43 43 1
51 51 0
13 13 0
23 23 0
35 35 1
14 14 1
87 87 1
61 61 0
94 94 1
58 58 0
83 83 0
4 4 1
92 92 0
32 32 0
39 39 0
57 57 1
25 25 0
7 7 0
69 69 1
63 63 0
60 60 1
44 44 1
96 96 1
27 27 0
80 80 0
17 17 0
65 65 0
36 36 0
70 70 1
33 33 1
93 93 0
55 55 1
29 29 1
42 42 0
54 54 1
73 73 1
86 86 1
10 10 1
41 41 0
28 28 1
38 38 0
46 46 0
82 82 1
12 12 0
48 48 0
15 15 0
85 85 1
64 64 0
71 71 1
6 6 0
89 89 1
76 76 1
68 68 0
2 2 0
56 56 1
47 47 1
62 62 0
99 91 248
76 76 1
48 48 0
1 1 1
46 46 1
95 95 0
72 72 0
31 31 1
23 23 0
75 75 0
45 45 0
82 82 0
58 58 0
62 62 0
14 14 1
63 63 1
38 38 1
32 32 1
7 7 0
3 3 1
61 61 1
50 50 1
59 59 0
36 36 1
34 34 1
51 51 0
2 2 0
9 9 1
28 28 1
25 25 1
40 40 0
19 19 1
94 94 1
67 67 0
92 92 1
89 89 1
88 88 0
37 37 1
52 52 1
60 60 0
79 79 1
77 77 1
18 18 0
10 10 1
29 29 1
66 66 0
56 56 1
22 22 1
55 55 1
11 11 0
99 99 1
78 78 1
21 21 1
91 91 1
74 74 0
6 6 1
96 96 1
15 15 1
13 13 1
33 33 0
97 97 0
65 65 1
4 4 1
84 84 0
43 43 0
87 87 1
12 12 0
30 30 1
73 73 1
27 27 0
24 24 1
71 71 1
64 64 0
17 17 0
39 39 0
85 85 0
93 93 0
80 80 0
8 8 0
81 81 0
54 54 1
26 26 0
20 20 1
49 49 0
35 35 0
44 44 0
41 41 0
47 47 0
69 69 1
5 5 1
53 53 0
86 86 1
93 59 7469463067
3 3 1
88 88 1
26 26 1
68 68 0
30 30 0
61 61 1
29 29 0
38 38 0
66 66 1
62 62 1
89 89 0
7 7 0
52 52 1
69 69 1
24 24 1
12 12 0
93 93 1
9 9 0
46 46 1
19 19 0
35 35 0
56 56 1
14 14 0
83 83 1
75 75 1
72 72 1
87 87 1
8 8 0
76 76 1
6 6 0
67 67 0
43 43 1
18 18 0
58 58 0
47 47 0
63 63 1
51 51 1
59 59 1
64 64 0
15 15 0
28 28 0
21 21 1
32 32 1
40 40 1
80 80 1
4 4 0
50 50 1
49 49 0
20 20 1
17 17 0
10 10 0
65 65 1
70 70 1
73 73 0
23 23 1
84 84 0
81 81 1
71 71 1
44 44 1
8 1 9
6 6 0
97 18 616232396681697
82 82 0
47 47 1
88 88 0
22 22 0
55 55 0
95 95 0
80 80 1
3 3 0
71 71 1
92 92 1
34 34 1
36 36 1
7 7 1
93 93 1
89 89 0
31 31 0
69 69 0
46 46 1
96 25 683795399462665955
15 15 0
37 37 0
83 83 1
36 36 1
16 16 0
1 1 0
78 78 1
81 81 1
80 80 1
93 93 0
82 82 0
84 84 0
62 62 0
55 55 0
23 23 0
4 4 1
3 3 1
92 92 0
17 17 0
95 95 0
65 65 0
2 2 1
10 10 1
32 32 1
19 19 1
97 35 844494211196246231
39 39 0
97 97 1
22 22 0
4 4 1
76 76 0
49 49 1
74 74 1
18 18 0
16 16 1
5 5 1
80 80 0
17 17 1
37 37 0
12 12 1
93 93 0
42 42 1
6 6 1
86 86 0
33 33 1
70 70 1
26 26 1
92 92 1
96 96 0
34 34 1
83 83 1
31 31 1
54 54 1
38 38 1
25 25 1
43 43 0
58 58 1
13 13 0
64 64 1
3 3 1
72 72 1
91 43 98784295570624
27 27 1
50 50 1
55 55 0
73 73 1
83 83 1
88 88 1
25 25 0
90 90 0
63 63 0
61 61 1
36 36 1
24 24 1
68 68 0
28 28 1
43 43 0
41 41 0
48 48 0
71 71 0
4 4 1
45 45 1
6 6 0
42 42 1
62 62 1
51 51 0
69 69 1
54 54 0
37 37 1
38 38 0
3 3 1
30 30 1
75 75 1
53 53 1
21 21 0
77 77 1
14 14 1
56 56 1
12 12 1
70 70 1
72 72 1
11 11 0
8 8 0
60 60 1
82 82 0
94 10 266051230184349809
20 20 0
14 14 1
79 79 0
10 10 0
41 41 0
24 24 0
89 89 1
58 58 0
19 19 1
76 76 1
93 8 425667064732737969
6 6 0
81 81 1
41 41 1
31 31 1
84 84 0
39 39 0
86 86 1
82 82 0
94 29 394925431332092348
45 45 1
70 70 0
33 33 0
28 28 0
89 89 0
78 78 0
54 54 1
77 77 1
4 4 1
79 79 0
57 57 1
15 15 0
52 52 1
82 82 0
90 90 0
16 16 1
62 62 1
3 3 1
23 23 1
47 47 1
43 43 0
50 50 0
92 92 0
55 55 0
80 80 1
64 64 1
32 32 1
56 56 0
40 40 1
91 13 362019212930698831
75 75 1
51 51 0
8 8 1
36 36 0
5 5 0
83 83 0
27 27 1
14 14 0
79 79 1
19 19 1
50 50 0
70 70 0
21 21 1
94 87 42
63 63 1
26 26 0
36 36 0
30 30 0
17 17 0
90 90 0
79 79 1
81 81 0
82 82 0
24 24 1
45 45 1
34 34 1
1 1 0
64 64 1
68 68 1
57 57 1
21 21 0
67 67 1
46 46 1
53 53 1
42 42 1
83 83 0
14 14 1
7 7 1
4 4 0
43 43 0
70 70 0
88 88 0
23 23 1
51 51 0
78 78 0
41 41 1
35 35 1
48 48 1
62 62 0
55 55 0
29 29 1
3 3 1
6 6 0
94 94 1
71 71 0
74 74 1
49 49 1
44 44 1
27 27 1
75 75 1
84 84 0
65 65 0
58 58 1
33 33 1
52 52 1
19 19 1
66 66 1
73 73 0
9 9 1
72 72 1
13 13 0
69 69 0
15 15 1
91 91 0
2 2 0
61 61 1
89 89 1
31 31 1
92 92 0
28 28 0
93 93 0
10 10 0
37 37 0
77 77 1
12 12 0
20 20 1
50 50 0
47 47 1
16 16 1
11 11 1
25 25 0
59 59 1
54 54 0
85 85 0
80 80 1
32 32 0
22 22 1
40 40 1
86 86 0
60 60 1
56 56 1
6 2 15
2 2 0
6 6 1
94 23 863535335318149332
62 62 1
77 77 0
9 9 1
1 1 0
82 82 0
88 88 0
66 66 0
56 56 1
57 57 0
75 75 1
74 74 0
41 41 0
40 40 1
3 3 1
58 58 1
26 26 0
45 45 0
23 23 0
28 28 0
13 13 0
76 76 1
6 6 0
80 80 0
97 66 394449084
64 64 0
78 78 0
88 88 1
48 48 0
76 76 1
65 65 0
35 35 0
11 11 1
9 9 1
47 47 1
62 62 1
91 91 1
15 15 1
66 66 0
86 86 0
80 80 0
5 5 1
32 32 0
18 18 1
95 95 1
10 10 1
55 55 0
87 87 1
50 50 0
1 1 1
67 67 1
61 61 1
19 19 1
42 42 1
51 51 1
12 12 0
7 7 1
53 53 1
44 44 1
90 90 1
84 84 0
70 70 1
39 39 0
72 72 1
16 16 1
83 83 1
28 28 1
71 71 1
13 13 0
63 63 1
52 52 1
94 94 1
34 34 1
27 27 0
69 69 0
23 23 1
17 17 1
85 85 0
96 96 0
40 40 0
43 43 0
97 97 0
41 41 0
77 77 1
2 2 0
45 45 0
81 81 0
59 59 0
4 4 1
57 57 0
6 6 1
93 48 24390842505411
53 53 1
32 32 0
67 67 1
29 29 1
71 71 1
7 7 0
36 36 0
38 38 0
39 39 0
80 80 0
44 44 0
92 92 0
37 37 1
28 28 1
62 62 0
50 50 1
51 51 0
49 49 1
27 27 1
52 52 0
12 12 1
34 34 0
16 16 0
40 40 1
58 58 0
60 60 0
70 70 1
11 11 1
89 89 0
31 31 0
84 84 1
35 35 0
48 48 0
19 19 1
4 4 0
24 24 0
83 83 1
1 1 0
26 26 0
57 57 0
13 13 0
61 61 1
3 3 1
5 5 1
81 81 0
46 46 0
87 87 0
78 78 1
96 5 934400547910519049
55 55 0
90 90 0
46 46 0
35 35 1
75 75 0
96 30 421687810868060734
26 26 1
16 16 0
65 65 0
69 69 1
21 21 0
22 22 1
49 49 1
54 54 0
63 63 1
64 64 1
4 4 1
94 94 0
85 85 1
93 93 0
5 5 0
29 29 1
76 76 1
46 46 0
50 50 1
25 25 1
32 32 0
23 23 0
91 91 0
92 92 1
51 51 0
33 33 0
70 70 1
24 24 1
96 96 0
14 14 1
91 54 40136106001
22 22 1
5 5 1
90 90 1
81 81 1
84 84 1
47 47 1
91 91 0
1 1 1
32 32 1
86 86 1
6 6 1
74 74 1
66 66 1
20 20 1
73 73 0
53 53 0
52 52 1
12 12 1
2 2 0
77 77 1
76 76 0
83 83 0
9 9 1
33 33 0
78 78 1
88 88 1
28 28 0
38 38 0
48 48 0
51 51 0
23 23 1
68 68 1
71 71 1
70 70 1
64 64 1
17 17 0
80 80 0
39 39 0
79 79 1
54 54 1
46 46 0
26 26 0
45 45 1
11 11 1
58 58 0
30 30 0
27 27 0
36 36 0
34 34 1
65 65 1
89 89 0
35 35 0
3 3 0
8 8 1
95 17 791302099583737084
35 35 1
13 13 1
41 41 0
82 82 1
76 76 1
85 85 1
7 7 1
79 79 1
42 42 0
52 52 1
34 34 0
68 68 1
8 8 1
51 51 0
49 49 1
24 24 1
89 89 0
91 62 125943526
70 70 0
13 13 0
20 20 1
81 81 0
56 56 1
31 31 1
54 54 0
43 43 1
38 38 1
27 27 1
57 57 0
74 74 1
77 77 0
69 69 1
4 4 1
88 88 0
7 7 0
24 24 1
41 41 1
61 61 1
59 59 0
16 16 0
79 79 0
83 83 1
28 28 1
67 67 0
23 23 1
64 64 0
25 25 1
63 63 0
30 30 1
22 22 0
2 2 1
37 37 0
18 18 0
89 89 0
76 76 0
65 65 1
19 19 1
15 15 1
58 58 1
8 8 1
49 49 0
50 50 1
72 72 1
9 9 0
36 36 0
51 51 0
73 73 1
78 78 1
75 75 1
21 21 0
47 47 0
66 66 0
90 90 0
48 48 0
17 17 1
11 11 0
6 6 1
71 71 0
85 85 1
55 55 1
95 69 60013528
86 86 1
95 95 0
42 42 0
28 28 1
92 92 0
27 27 1
47 47 0
94 94 0
88 88 0
82 82 0
63 63 0
76 76 1
17 17 1
90 90 0
46 46 0
12 12 1
24 24 0
65 65 0
36 36 1
61 61 1
66 66 1
70 70 0
75 75 0
80 80 0
37 37 0
85 85 1
87 87 1
40 40 0
81 81 0
60 60 0
48 48 1
30 30 0
55 55 1
51 51 1
59 59 1
5 5 0
34 34 0
23 23 1
35 35 0
20 20 0
71 71 1
22 22 1
2 2 1
10 10 1
57 57 0
91 91 1
29 29 1
18 18 1
39 39 1
26 26 1
6 6 0
67 67 0
73 73 1
68 68 0
14 14 0
19 19 1
45 45 0
49 49 0
43 43 1
83 83 1
8 8 0
4 4 0
79 79 0
58 58 0
62 62 1
21 21 1
56 56 0
25 25 0
15 15 1
98 73 9529141
72 72 1
94 94 0
6 6 0
35 35 0
90 90 0
47 47 1
88 88 0
37 37 1
33 33 0
91 91 1
30 30 1
8 8 1
78 78 0
41 41 0
4 4 0
75 75 0
7 7 1
76 76 1
54 54 1
51 51 0
50 50 1
48 48 1
67 67 0
25 25 0
22 22 1
42 42 0
26 26 1
18 18 1
52 52 0
28 28 1
16 16 1
10 10 1
57 57 0
9 9 0
39 39 1
77 77 1
46 46 1
17 17 1
56 56 0
84 84 0
19 19 0
81 81 0
70 70 0
87 87 0
43 43 1
38 38 0
15 15 1
60 60 1
65 65 0
2 2 1
23 23 1
83 83 1
32 32 0
44 44 0
73 73 0
21 21 0
97 97 0
64 64 0
66 66 1
59 59 1
31 31 1
74 74 1
36 36 0
86 86 0
85 85 1
12 12 0
80 80 1
14 14 0
40 40 1
34 34 1
20 20 1
58 58 1
1 1 1
97 58 1416767668
29 29 1
12 12 0
74 74 0
3 3 1
60 60 1
23 23 1
57 57 0
25 25 1
4 4 1
30 30 1
77 77 0
9 9 1
40 40 1
53 53 1
26 26 1
35 35 1
15 15 1
13 13 0
27 27 1
73 73 0
18 18 0
44 44 1
61 61 0
71 71 0
46 46 1
82 82 1
14 14 1
86 86 1
87 87 0
6 6 1
31 31 0
1 1 0
41 41 1
94 94 1
79 79 1
63 63 0
17 17 0
16 16 1
20 20 1
64 64 1
85 85 1
81 81 1
58 58 1
54 54 0
83 83 1
90 90 0
2 2 1
84 84 1
28 28 1
96 96 0
50 50 0
68 68 0
65 65 0
72 72 1
11 11 1
34 34 0
62 62 1
21 21 0
93 17 959164137872742137
30 30 1
86 86 0
12 12 0
92 92 0
59 59 1
52 52 1
37 37 0
10 10 1
26 26 1
34 34 0
14 14 0
39 39 1
56 56 1
50 50 1
61 61 1
72 72 1
3 3 1
92 24 945330072121012805
20 20 0
14 14 1
74 74 0
10 10 1
24 24 0
37 37 1
17 17 1
55 55 1
79 79 0
61 61 0
64 64 0
75 75 0
54 54 0
57 57 0
62 62 1
52 52 0
29 29 0
63 63 0
2 2 0
73 73 0
76 76 1
88 88 0
39 39 1
89 89 0
95 28 16581531129399868
24 24 1
73 73 1
92 92 0
18 18 1
70 70 0
43 43 1
28 28 1
42 42 0
10 10 1
17 17 0
13 13 1
57 57 1
63 63 0
21 21 1
50 50 0
31 31 0
37 37 0
51 51 0
53 53 1
9 9 0
38 38 1
82 82 0
7 7 0
65 65 0
27 27 0
2 2 1
35 35 1
12 12 0
100 4 762170905221716238
41 41 1
94 94 0
95 95 1
72 72 1
7 6 1
5 5 1
2 2 1
7 7 1
1 1 0
4 4 1
3 3 0
6 2 1
1 1 1
3 3 1
96 15 893169106873972030
35 35 1
23 23 1
74 74 1
85 85 0
30 30 1
11 11 0
73 73 0
70 70 0
18 18 1
20 20 0
40 40 0
76 76 0
82 82 0
16 16 1
92 92 1
93 39 13647299044888972
7 7 0
38 38 1
55 55 1
29 29 1
66 66 0
46 46 1
86 86 0
28 28 0
68 68 1
24 24 1
83 83 1
92 92 1
17 17 0
26 26 1
62 62 0
6 6 1
19 19 0
3 3 1
77 77 0
71 71 0
58 58 1
88 88 1
57 57 0
53 53 0
41 41 1
27 27 0
81 81 0
47 47 1
93 93 1
70 70 1
74 74 0
42 42 0
45 45 1
89 89 0
33 33 0
64 64 1
22 22 1
60 60 0
49 49 1
94 18 759051874784700359
24 24 1
49 49 1
75 75 1
41 41 0
81 81 0
45 45 0
59 59 0
39 39 0
76 76 1
19 19 1
57 57 0
27 27 1
72 72 1
10 10 0
15 15 0
82 82 0
83 83 0
7 7 1
99 10 96913704811350321
65 65 0
41 41 0
50 50 1
80 80 0
2 2 1
57 57 0
64 64 0
76 76 1
97 97 0
31 31 1
6 5 2
4 4 1
6 6 0
2 2 1
1 1 0
3 3 0
98 91 125
98 98 1
29 29 1
43 43 0
71 71 0
80 80 0
94 94 0
51 51 0
28 28 1
22 22 1
35 35 0
68 68 0
41 41 0
6 6 0
39 39 1
64 64 0
90 90 0
44 44 1
59 59 1
3 3 1
27 27 0
89 89 0
34 34 1
79 79 0
77 77 0
18 18 0
47 47 0
73 73 1
17 17 1
67 67 1
19 19 0
82 82 1
33 33 1
31 31 0
23 23 1
88 88 1
54 54 1
46 46 1
5 5 1
21 21 1
84 84 0
8 8 1
72 72 1
57 57 0
7 7 1
25 25 0
61 61 1
65 65 1
30 30 1
38 38 1
70 70 1
4 4 1
16 16 1
91 91 1
12 12 0
85 85 1
75 75 0
45 45 1
37 37 0
87 87 0
60 60 1
58 58 1
24 24 0
55 55 0
62 62 0
13 13 0
14 14 0
2 2 0
63 63 1
36 36 0
1 1 1
15 15 0
11 11 0
26 26 0
48 48 1
76 76 0
56 56 0
10 10 1
78 78 0
96 96 1
69 69 1
93 93 0
66 66 1
49 49 1
97 97 0
83 83 1
92 92 0
81 81 0
50 50 0
32 32 0
95 95 1
20 20 1
97 38 207054683469208660
7 7 0
63 63 1
85 85 1
8 8 1
71 71 1
25 25 0
96 96 0
46 46 1
49 49 0
20 20 1
18 18 1
67 67 1
93 93 0
10 10 1
53 53 1
31 31 1
80 80 1
36 36 1
24 24 1
1 1 0
86 86 0
88 88 1
22 22 0
2 2 1
4 4 0
48 48 0
87 87 1
59 59 1
94 94 0
42 42 1
62 62 1
30 30 0
9 9 1
12 12 0
26 26 1
74 74 1
45 45 0
79 79 0
96 33 98478747296792657
89 89 1
87 87 0
2 2 1
47 47 1
93 93 1
33 33 1
72 72 1
26 26 1
85 85 1
51 51 1
10 10 0
37 37 1
18 18 0
38 38 0
28 28 0
7 7 1
35 35 0
42 42 0
65 65 1
96 96 1
49 49 0
57 57 1
45 45 0
9 9 1
55 55 1
40 40 1
64 64 0
34 34 0
69 69 0
81 81 0
5 5 1
83 83 1
11 11 1
98 85 2766
52 52 0
25 25 0
78 78 0
37 37 1
15 15 0
48 48 0
9 9 0
58 58 1
67 67 0
96 96 1
39 39 0
12 12 1
53 53 0
66 66 1
94 94 1
34 34 1
10 10 1
33 33 1
44 44 1
56 56 0
98 98 0
28 28 1
1 1 0
7 7 1
60 60 0
5 5 1
16 16 1
89 89 1
14 14 1
87 87 0
31 31 1
45 45 1
29 29 0
76 76 0
41 41 0
68 68 1
47 47 0
21 21 1
73 73 0
4 4 0
30 30 0
95 95 1
86 86 0
74 74 1
11 11 1
22 22 0
65 65 0
62 62 1
75 75 1
85 85 0
59 59 1
90 90 1
26 26 0
3 3 1
27 27 1
54 54 1
97 97 1
69 69 0
20 20 0
19 19 0
6 6 1
71 71 1
79 79 0
8 8 0
82 82 1
40 40 1
51 51 1
35 35 0
81 81 0
23 23 0
72 72 0
17 17 1
83 83 1
91 91 1
49 49 0
38 38 1
42 42 1
36 36 1
77 77 1
80 80 0
84 84 1
32 32 0
57 57 1
18 18 0
93 93 1
92 51 1556728214795
58 58 0
87 87 0
73 73 0
41 41 1
43 43 1
47 47 1
19 19 1
31 31 1
37 37 0
3 3 1
81 81 0
59 59 1
70 70 0
62 62 1
55 55 0
2 2 0
27 27 1
35 35 0
57 57 1
12 12 1
11 11 0
86 86 0
30 30 1
38 38 0
9 9 0
33 33 0
92 92 1
34 34 1
90 90 0
61 61 0
71 71 1
16 16 1
46 46 1
91 91 0
51 51 1
24 24 1
82 82 1
1 1 1
66 66 0
72 72 0
23 23 0
65 65 0
50 50 1
53 53 1
13 13 0
22 22 1
60 60 1
77 77 1
36 36 1
84 84 0
88 88 1
91 79 3234
35 35 0
81 81 0
68 68 1
14 14 0
2 2 0
34 34 0
75 75 1
30 30 1
49 49 0
9 9 1
21 21 0
56 56 1
5 5 0
24 24 1
60 60 1
12 12 0
6 6 0
57 57 0
23 23 0
29 29 0
82 82 1
46 46 1
84 84 1
58 58 0
4 4 0
45 45 0
28 28 0
69 69 0
80 80 0
41 41 0
15 15 0
61 61 0
64 64 1
7 7 1
73 73 0
17 17 0
32 32 0
36 36 0
26 26 1
27 27 1
62 62 1
43 43 0
11 11 0
25 25 0
63 63 1
76 76 0
55 55 0
72 72 1
1 1 0
83 83 0
78 78 0
37 37 0
71 71 1
50 50 1
39 39 0
19 19 1
54 54 1
66 66 0
44 44 0
70 70 0
47 47 0
79 79 1
38 38 1
18 18 1
8 8 0
42 42 1
53 53 1
16 16 0
77 77 0
90 90 0
88 88 1
22 22 1
3 3 1
52 52 0
87 87 1
91 91 0
40 40 0
85 85 0
67 67 0
96 24 80522432499879451
14 14 0
2 2 1
25 25 1
4 4 1
96 96 1
94 94 1
3 3 0
34 34 1
33 33 0
37 37 0
61 61 1
23 23 1
51 51 1
30 30 1
49 49 1
73 73 0
64 64 0
13 13 1
69 69 1
62 62 0
70 70 0
88 88 0
78 78 1
44 44 1
93 4 982470108381556984
6 6 1
68 68 1
39 39 1
89 89 0
91 25 498316080814909784
89 89 0
44 44 0
11 11 1
20 20 1
50 50 0
60 60 1
17 17 1
8 8 1
42 42 0
82 82 1
36 36 0
56 56 0
67 67 0
66 66 0
39 39 0
80 80 0
5 5 0
74 74 1
45 45 1
40 40 0
78 78 1
29 29 0
91 91 0
34 34 0
18 18 1
91 47 15830486715789
79 79 0
1 1 0
49 49 1
24 24 1
91 91 0
89 89 1
90 90 1
17 17 1
57 57 1
45 45 0
41 41 1
15 15 1
44 44 1
74 74 0
26 26 1
50 50 0
60 60 0
76 76 1
19 19 0
67 67 0
14 14 0
71 71 0
11 11 0
83 83 1
23 23 1
75 75 1
48 48 0
32 32 1
38 38 1
13 13 0
63 63 1
22 22 1
65 65 0
62 62 0
55 55 1
72 72 1
21 21 1
37 37 0
59 59 1
58 58 0
78 78 1
36 36 0
18 18 0
30 30 0
25 25 1
40 40 1
2 2 0
100 96 14
84 84 1
39 39 0
92 92 1
16 16 1
64 64 1
50 50 1
21 21 1
30 30 0
100 100 1
24 24 0
22 22 1
13 13 0
98 98 1
65 65 0
18 18 0
1 1 1
48 48 1
70 70 0
32 32 0
85 85 0
7 7 1
44 44 0
4 4 0
25 25 0
8 8 0
37 37 1
27 27 1
17 17 0
52 52 0
58 58 1
96 96 1
23 23 0
76 76 0
95 95 1
28 28 0
73 73 0
19 19 1
91 91 0
72 72 0
2 2 1
11 11 1
38 38 1
80 80 0
93 93 0
57 57 0
69 69 0
79 79 0
66 66 0
40 40 1
77 77 0
88 88 1
14 14 0
5 5 0
51 51 0
15 15 1
60 60 0
78 78 1
54 54 1
61 61 1
55 55 0
90 90 0
89 89 0
6 6 1
81 81 0
36 36 0
12 12 1
46 46 1
94 94 1
97 97 1
47 47 1
75 75 1
31 31 1
3 3 0
67 67 1
34 34 0
63 63 0
99 99 0
59 59 1
43 43 1
20 20 0
86 86 1
74 74 0
42 42 0
82 82 1
56 56 0
71 71 0
41 41 0
62 62 0
87 87 0
10 10 1
35 35 0
83 83 1
68 68 1
53 53 0
49 49 0
45 45 0
95 62 5081902664
20 20 1
30 30 0
51 51 0
40 40 0
13 13 1
79 79 0
54 54 1
87 87 1
65 65 0
15 15 0
31 31 1
5 5 0
2 2 0
62 62 1
69 69 0
71 71 1
86 86 1
12 12 1
45 45 0
19 19 1
73 73 0
1 1 0
82 82 1
88 88 0
47 47 0
59 59 0
61 61 1
37 37 1
90 90 1
33 33 1
66 66 0
28 28 0
67 67 1
46 46 1
77 77 0
53 53 0
84 84 0
68 68 1
7 7 0
75 75 0
60 60 0
26 26 0
8 8 0
63 63 1
48 48 0
95 95 1
57 57 1
92 92 1
55 55 0
21 21 0
6 6 0
39 39 0
25 25 1
43 43 0
85 85 0
35 35 0
10 10 0
42 42 0
49 49 0
72 72 1
23 23 0
64 64 0
