100
4 1 1 4 1 1 4 2 4 5
6 3 1 1 0 1 0 1 0 9
3 7 24 34 11 17 31 15 40 50
220 186 794 105 56 284 202 251 358 943
228 545 728 730 719 731 575 630 807 916
432 73 736 803 857 748 92 273 407 866
1000 436 467 410 209 652 760 194 390 955
361 684 803 751 655 906 191 340 198 945
61 910 296 104 605 512 210 418 631 968
1000 216 555 1 0 297 0 1 423 1000
1000 333 826 659 525 10 152 835 408 999
882 603 584 743 829 611 62 865 636 883
197 533 107 420 845 463 838 810 772 985
3 0 0 1 0 1 1 1 0 2
1000 921 693 824 743 135 359 262 310 922
220 965 223 459 342 654 521 437 883 968
253 725 140 255 0 374 0 896 148 1000
101 456 465 128 0 259 0 575 250 1000
6 565 422 217 963 717 286 917 864 965
1000 732 246 213 35 657 499 319 346 981
276 397 20 132 373 176 491 0 145 834
1000 541 468 1 0 9 0 1 226 1000
301 89 36 589 288 438 94 452 388 1000
1000 830 409 652 47 415 556 656 905 932
966 640 231 713 522 653 33 496 13 967
158 552 401 654 357 56 572 243 818 999
1000 0 0 1 0 1 0 1 1 1000
1000 500 483 1 0 0 0 1 1 1000
500 190 73 1 0 214 0 1 860 1000
101 470 638 767 0 122 0 442 270 1000
1000 61 975 134 262 587 154 865 349 993
1000 310 672 1 0 1 0 1 250 1000
128 716 384 726 0 646 0 106 519 1000
102 710 743 911 164 365 189 52 321 927
66 128 598 684 29 682 26 471 451 897
1000 311 225 723 169 305 98 860 168 985
1000 822 14 726 540 245 346 596 332 905
253 433 959 677 422 987 189 804 784 1000
1000 971 132 1 0 150 0 1 283 1000
1000 51 446 1 0 159 0 1 406 1000
501 643 302 612 0 511 0 196 688 1000
1000 79 310 871 623 829 662 847 10 925
1000 0 0 1 0 499 0 1 499 1000
72 358 234 818 909 156 390 689 702 949
1000 744 500 1 0 1 0 1 0 1000
51 381 951 841 32 123 343 866 942 952
600 649 286 798 777 861 57 379 707 1000
1000 0 534 1 0 0 0 1 1 1000
486 495 583 591 734 951 318 811 583 974
26 563 539 163 608 534 281 151 212 990
120 393 769 160 977 885 761 277 738 1000
504 771 401 321 288 147 800 853 7 988
1000 33 549 893 829 253 234 557 189 903
1000 18 985 1 0 171 0 1 234 1000
1000 0 0 1 0 999 0 1 999 1000
1000 795 463 596 167 406 639 123 315 881
170 11 778 915 172 813 875 625 256 980
1000 999 536 1 0 0 0 1 1 1000
201 239 580 297 453 637 676 160 382 1000
602 975 679 719 142 985 501 662 224 1000
252 852 383 986 0 478 0 511 981 1000
12 213 515 819 999 503 943 874 880 1000
882 354 381 780 751 805 527 307 229 883
1000 201 857 1 0 250 0 1 1 1000
1000 106 618 1 0 1 0 1 20 1000
300 393 555 550 595 563 118 20 815 909
1000 709 250 36 188 222 540 28 613 785
101 601 300 852 0 407 0 328 499 1000
82 369 81 392 275 53 4 163 697 704
1000 49 85 492 758 675 293 382 388 889
500 199 402 153 0 950 0 811 16 1000
1000 76 885 1 0 500 0 1 1 1000
270 187 132 664 634 801 490 310 671 813
561 657 617 391 137 760 866 638 778 902
149 659 801 306 892 740 620 426 118 894
252 286 505 684 535 358 309 133 713 817
1000 311 999 1 0 1 0 1 0 1000
1000 479 361 1 0 1 0 1 500 1000
976 543 804 556 786 739 707 165 563 977
940 294 734 333 460 582 337 444 662 941
456 381 847 567 384 497 376 320 267 914
602 797 672 359 682 433 988 772 875 1000
150 110 656 123 449 167 953 782 168 1000
128 25 713 515 815 159 319 556 270 1000
20 433 970 307 0 994 0 743 138 1000
625 484 166 92 208 30 54 142 457 546
432 101 277 327 15 788 624 613 272 866
1000 202 982 1 0 332 0 1 249 1000
1000 146 393 1 0 949 0 1 664 1000
1000 181 443 636 534 363 392 616 854 873
1000 621 0 1 0 1 0 1 0 1000
1000 340 387 275 759 300 4 430 561 893
1000 0 0 1 0 11 0 1 11 1000
233 599 561 45 312 777 407 140 2 932
253 845 336 390 0 232 0 101 116 1000
1000 333 569 1 0 901 0 1 214 1000
400 129 69 481 286 56 435 721 463 802
125 38 910 1 0 792 0 1 536 1000
1000 655 741 1 0 20 0 1 1 1000
4 0 0 1 0 1 1 1 0 2
